96
0      	 0      	 0      	 0      	 
1      	 22     	 55     	 1      	 0      	 
2      	 18     	 45     	 1      	 0      	 
3      	 22     	 55     	 1      	 0      	 
4      	 22     	 68     	 1      	 0      	 
5      	 18     	 81     	 1      	 0      	 
6      	 22     	 98     	 1      	 0      	 
7      	 22     	 115    	 1      	 0      	 
8      	 22     	 131    	 1      	 0      	 
9      	 22     	 148    	 1      	 0      	 
10     	 22     	 164    	 1      	 0      	 
11     	 22     	 181    	 1      	 0      	 
12     	 18     	 193    	 1      	 0      	 
13     	 10     	 199    	 1      	 3      	 
14     	 18     	 214    	 1      	 13     	 
15     	 22     	 232    	 1      	 0      	 
16     	 22     	 248    	 1      	 0      	 
17     	 14     	 257    	 1      	 11     	 
18     	 14     	 267    	 1      	 0      	 
19     	 18     	 282    	 1      	 18     	 
20     	 22     	 299    	 1      	 0      	 
21     	 14     	 308    	 1      	 20     	 
22     	 22     	 326    	 1      	 0      	 
23     	 10     	 331    	 2      	 17     	 19     	 
24     	 10     	 338    	 1      	 12     	 
25     	 22     	 358    	 1      	 0      	 
26     	 18     	 370    	 1      	 0      	 
27     	 22     	 388    	 1      	 0      	 
28     	 22     	 404    	 1      	 0      	 
29     	 18     	 417    	 1      	 0      	 
30     	 22     	 434    	 1      	 0      	 
31     	 22     	 451    	 1      	 0      	 
32     	 18     	 463    	 1      	 0      	 
33     	 18     	 477    	 1      	 0      	 
34     	 22     	 494    	 1      	 0      	 
35     	 22     	 511    	 1      	 0      	 
36     	 22     	 527    	 1      	 0      	 
37     	 18     	 540    	 1      	 0      	 
38     	 22     	 557    	 1      	 0      	 
39     	 22     	 574    	 1      	 0      	 
40     	 22     	 590    	 1      	 0      	 
41     	 22     	 607    	 1      	 0      	 
42     	 28     	 629    	 1      	 27     	 
43     	 18     	 640    	 1      	 0      	 
44     	 22     	 658    	 1      	 0      	 
45     	 22     	 674    	 1      	 0      	 
46     	 22     	 691    	 1      	 0      	 
47     	 22     	 707    	 1      	 0      	 
48     	 28     	 730    	 1      	 46     	 
49     	 18     	 741    	 1      	 0      	 
50     	 22     	 758    	 1      	 0      	 
51     	 22     	 775    	 1      	 0      	 
52     	 22     	 791    	 1      	 0      	 
53     	 18     	 804    	 1      	 0      	 
54     	 28     	 827    	 1      	 45     	 
55     	 28     	 848    	 1      	 41     	 
56     	 34     	 875    	 2      	 30     	 36     	 
57     	 18     	 885    	 1      	 0      	 
58     	 18     	 898    	 1      	 0      	 
59     	 26     	 920    	 2      	 28     	 32     	 
60     	 24     	 937    	 1      	 33     	 
61     	 22     	 953    	 1      	 0      	 
62     	 28     	 976    	 1      	 56     	 
63     	 18     	 987    	 1      	 0      	 
64     	 20     	 1002   	 1      	 31     	 
65     	 28     	 1025   	 1      	 35     	 
66     	 22     	 1040   	 1      	 0      	 
67     	 22     	 1057   	 1      	 0      	 
68     	 22     	 1073   	 1      	 0      	 
69     	 22     	 1090   	 1      	 0      	 
70     	 18     	 1102   	 1      	 0      	 
71     	 28     	 1126   	 1      	 63     	 
72     	 22     	 1141   	 1      	 0      	 
73     	 22     	 1157   	 1      	 0      	 
74     	 22     	 1174   	 1      	 0      	 
75     	 28     	 1196   	 1      	 73     	 
76     	 30     	 1219   	 2      	 61     	 71     	 
77     	 22     	 1234   	 1      	 0      	 
78     	 26     	 1254   	 3      	 21     	 70     	 72     	 
79     	 24     	 1272   	 6      	 17     	 23     	 24     	 58     	 64     	 78     	 
80     	 30     	 1296   	 2      	 37     	 78     	 
81     	 28     	 1316   	 1      	 79     	 
82     	 22     	 1331   	 1      	 0      	 
83     	 28     	 1354   	 1      	 51     	 
84     	 22     	 1369   	 1      	 0      	 
85     	 22     	 1385   	 1      	 0      	 
86     	 22     	 1402   	 1      	 0      	 
87     	 8      	 1404   	 5      	 25     	 26     	 80     	 81     	 82     	 
88     	 6      	 1408   	 3      	 20     	 70     	 72     	 
89     	 6      	 1413   	 3      	 19     	 64     	 78     	 
90     	 6      	 1417   	 3      	 14     	 59     	 74     	 
91     	 8      	 1424   	 5      	 11     	 12     	 58     	 64     	 79     	 
92     	 6      	 1428   	 3      	 7      	 43     	 79     	 
93     	 6      	 1432   	 3      	 3      	 32     	 74     	 
94     	 6      	 1437   	 2      	 31     	 78     	 
95     	 6      	 1441   	 3      	 2      	 29     	 83     	 
